waypoints:
    - point:
        x: 0.0863872
        y: -2.29863
        z: -0.00274835
    - point:
        x: -2.63541
        y: -2.55301
        z: -0.00182878
    - point:
        x: -7.07216
        y: -1.94331
        z: -0.00119548
finish_pose:
    header:
        seq: 0
        stamp: 515.379000000
        frame_id: map
    pose:
        position:
            x: -9.83087
            y: -0.0311604
            z: 0
        orientation:
            x: 0
            y: 0
            z: 0.615008
            w: 0.788521
